object Form1: TForm1
  Left = 0
  Top = 0
  Caption = 'Form1'
  ClientHeight = 493
  ClientWidth = 448
  FormFactor.Width = 320
  FormFactor.Height = 480
  FormFactor.Devices = [Desktop]
  DesignerMasterStyle = 0
  object ScrollBox: TScrollBox
    Align = Client
    Size.Width = 448.000000000000000000
    Size.Height = 493.000000000000000000
    Size.PlatformDefault = False
    TabOrder = 0
    Viewport.Width = 448.000000000000000000
    Viewport.Height = 493.000000000000000000
  end
end
